0.0948917 0.660473 0.001706 blues
0.0795544 0.594871 0.00125156 blues
0.0814859 0.654622 0.00231014 blues
0.0538515 0.43919 0.00186721 blues
0.0958497 0.683387 0.00118887 blues
0.0959652 0.552635 0.00134926 blues
0.0746525 0.57359 0.00184035 blues
0.0752847 0.583035 0.00171941 blues
0.0909383 0.593945 0.00188337 blues
0.0959966 0.600303 0.00107078 blues
0.0705406 0.557704 0.00187508 blues
0.0684657 0.459379 0.000867284 blues
0.0706364 0.568092 0.00155104 blues
0.0691076 0.587872 0.0014777 blues
0.0601373 0.608154 0.000873396 blues
0.0739431 0.654294 0.00105017 blues
0.076338 0.671179 0.00105856 blues
0.0555173 0.616297 0.00122201 blues
0.0793544 0.528264 0.00104945 blues
0.0616554 0.641303 0.00126156 blues
0.0734775 0.666349 0.000970974 blues
0.0530575 0.567615 0.00133607 blues
0.0587227 0.589503 0.00148384 blues
0.0620049 0.588087 0.0013376 blues
0.0566352 0.611866 0.00113727 blues
0.057193 0.59658 0.00116659 blues
0.060965 0.561092 0.000997885 blues
0.0715238 0.569203 0.00126502 blues
0.0571178 0.619301 0.00130011 blues
0.0841414 0.504587 0.00163444 blues
0.068169 0.452503 0.0022501 blues
0.066605 0.440637 0.00201307 blues
0.0653728 0.353664 0.00133952 blues
0.071016 0.411641 0.00176506 blues
0.0776146 0.502081 0.00179294 blues
0.0758527 0.479679 0.00230629 blues
0.0622487 0.466478 0.00263901 blues
0.0605923 0.467855 0.000881698 blues
0.0767303 0.460302 0.00222285 blues
0.0561909 0.324721 0.00114553 blues
0.122557 0.644544 0.00176677 blues
0.128067 0.579933 0.0017105 blues
0.122221 0.450917 0.00147007 blues
0.114747 0.607102 0.00168466 blues
0.123063 0.614704 0.00179503 blues
0.0933644 0.551069 0.00194014 blues
0.0997896 0.494244 0.00134564 blues
0.10619 0.453134 0.00149548 blues
0.114976 0.605098 0.00164322 blues
0.067047 0.382107 0.00118464 blues
0.104916 0.654996 0.00236463 blues
0.106475 0.694789 0.00259852 blues
0.0750516 0.455968 0.0012842 blues
0.11776 0.70078 0.00217626 blues
0.109444 0.685303 0.00265035 blues
0.111061 0.675355 0.00203603 blues
0.0943358 0.454762 0.00182335 blues
0.100698 0.65037 0.00229255 blues
0.110166 0.633307 0.00211143 blues
0.122842 0.66638 0.002157 blues
0.105508 0.675946 0.00253973 blues
0.137713 0.673304 0.00185883 blues
0.122899 0.657187 0.00138975 blues
0.15484 0.655906 0.00125384 blues
0.140333 0.665253 0.0015385 blues
0.153272 0.674526 0.00131437 blues
0.126706 0.679933 0.00145168 blues
0.121986 0.726721 0.00170966 blues
0.138742 0.667631 0.00133354 blues
0.12855 0.630249 0.00152816 blues
0.113759 0.716117 0.00138583 blues
0.132968 0.657699 0.0015834 blues
0.139393 0.505932 0.00137447 blues
0.11248 0.635719 0.00340252 blues
0.135069 0.660317 0.00256874 blues
0.118978 0.670045 0.00242776 blues
0.14017 0.550556 0.00287233 blues
0.119165 0.706532 0.00315968 blues
0.128354 0.761636 0.00330573 blues
0.1326 0.624752 0.00355687 blues
0.0975095 0.627471 0.00313841 blues
0.115376 0.671921 0.00324827 blues
0.114068 0.694857 0.00331087 blues
0.124729 0.646026 0.00324167 blues
0.110513 0.631079 0.00306562 blues
0.0672414 0.541635 0.0019824 blues
0.0637179 0.544577 0.00162767 blues
0.0734892 0.526195 0.00209221 blues
0.0511273 0.546423 0.00186936 blues
0.0399342 0.435362 0.000681714 blues
0.0821533 0.522195 0.0017439 blues
0.0485434 0.455019 0.00131966 blues
0.0456474 0.401232 0.000825282 blues
0.0275746 0.288952 0.00087698 blues
0.0643349 0.440755 0.00184528 blues
0.0717157 0.568411 0.00247367 blues
0.0563844 0.378003 0.000687756 blues
0.0625362 0.563701 0.00260966 blues
0.125965 0.633992 0.0016267 blues
0.080853 0.561477 0.00138348 blues
0.0790285 0.554857 0.000480304 classical
0.0704603 0.402972 0.000407338 classical
0.078111 0.5738 0.000582587 classical
0.0801825 0.438374 0.000394647 classical
0.0897869 0.533691 0.000563098 classical
0.0743141 0.556353 0.000576889 classical
0.0713463 0.423652 0.000445942 classical
0.070406 0.506235 0.000545844 classical
0.0783323 0.516279 0.000455511 classical
0.0627034 0.358016 0.0003203 classical
0.0782806 0.558038 0.000393059 classical
0.0470544 0.38299 0.000290119 classical
0.0592607 0.459247 0.000423611 classical
0.0710577 0.529343 0.000423659 classical
0.0650755 0.526024 0.000421266 classical
0.069949 0.486504 0.000153623 classical
0.0518958 0.433791 0.000107416 classical
0.0695515 0.569767 0.000495223 classical
0.0587768 0.434412 0.000250213 classical
0.0599378 0.500373 0.000108299 classical
0.0618409 0.512497 0.000512883 classical
0.0707591 0.588833 0.000603997 classical
0.0616771 0.53315 0.000636692 classical
0.0477082 0.383119 0.000231049 classical
0.0637817 0.545752 0.000886361 classical
0.0605545 0.596937 0.00085157 classical
0.0649774 0.545128 0.000515978 classical
0.0442711 0.413192 0.000380601 classical
0.0675592 0.537149 0.000837338 classical
0.0809972 0.56639 0.000553153 classical
0.063896 0.515329 0.000396837 classical
0.0408916 0.571849 0.000346719 classical
0.0386101 0.359264 0.000108443 classical
0.0574123 0.43363 0.000165435 classical
0.0695505 0.453458 0.000522836 classical
0.0527473 0.614563 0.000522348 classical
0.065387 0.486631 0.000212932 classical
0.0804917 0.573387 0.000548185 classical
0.0667461 0.451799 0.000589709 classical
0.0856456 0.639869 0.000170563 classical
0.0718475 0.454453 0.000263272 classical
0.0693873 0.431628 0.000285614 classical
0.0674928 0.529659 0.00178448 classical
0.0522898 0.310337 0.00154248 classical
0.0595088 0.401628 0.000240669 classical
0.0596329 0.410197 0.00184848 classical
0.100032 0.56738 0.00153736 classical
0.0589491 0.379707 0.000127817 classical
0.0792068 0.479779 0.00214872 classical
0.117576 0.574728 0.0016404 classical
0.058777 0.421995 0.000106828 classical
0.0789534 0.480126 0.00107263 classical
0.12767 0.631537 0.000740443 classical
0.0756043 0.492611 0.00185574 classical
0.0892859 0.688189 0.00232933 classical
0.0536449 0.312127 0.000176603 classical
0.0863504 0.453304 0.00254564 classical
0.0902966 0.54963 0.000222011 classical
0.0569342 0.36274 0.000402649 classical
0.0802585 0.589306 0.000918107 classical
0.0937598 0.60382 0.000908171 classical
0.0673388 0.540184 0.000640804 classical
0.0741849 0.508117 0.000516834 classical
0.0330242 0.288815 0.000269607 classical
0.0530917 0.265389 0.000168043 classical
0.0404709 0.425377 0.000385559 classical
0.038641 0.353779 0.000421041 classical
0.0554884 0.359448 0.000421779 classical
0.0789482 0.498708 0.000765992 classical
0.068178 0.426008 0.00039228 classical
0.0687101 0.51815 0.000423018 classical
0.0711169 0.518137 0.000691092 classical
0.0650878 0.480793 0.000278948 classical
0.0609415 0.489679 0.000582933 classical
0.0690186 0.546067 0.000496676 classical
0.0584076 0.437914 0.000221416 classical
0.0681658 0.536711 0.000787144 classical
0.0402595 0.269653 0.000221875 classical
0.0351499 0.31615 8.85589e-05 classical
0.0396534 0.471862 0.000250027 classical
0.0485776 0.434388 7.16746e-05 classical
0.0609677 0.493095 0.000220895 classical
0.0732699 0.463232 0.000573172 classical
0.0423537 0.350714 0.000564667 classical
0.0505875 0.422442 0.000291241 classical
0.078752 0.583291 0.000516867 classical
0.069615 0.591369 0.000416453 classical
0.0440519 0.368908 0.0002878 classical
0.066695 0.590121 0.000374222 classical
0.130425 0.663414 0.000461395 classical
0.114152 0.602367 0.000316674 classical
0.115845 0.573372 0.000587072 classical
0.095083 0.500323 0.00109853 classical
0.0856308 0.643166 0.0010738 classical
0.0746355 0.467496 0.000188513 classical
0.0956933 0.537924 0.000181403 classical
0.101818 0.594923 0.000756177 classical
0.0780958 0.558892 0.000483403 classical
0.104041 0.586359 0.000378532 classical
0.0806576 0.458018 0.000142828 classical
0.142266 0.465502 0.00332668 country
0.154048 0.526787 0.003065 country
0.117695 0.524637 0.00194238 country
0.111216 0.518727 0.00271341 country
0.154092 0.513169 0.00278669 country
0.153286 0.608698 0.0026982 country
0.146892 0.546398 0.00283047 country
0.149396 0.41747 0.00326226 country
0.130068 0.454968 0.00366207 country
0.168282 0.594196 0.00314068 country
0.0933481 0.505999 0.00099846 country
0.141968 0.546886 0.001032 country
0.084127 0.548733 0.00168963 country
0.145736 0.662625 0.00104382 country
0.15085 0.635464 0.00119192 country
0.103608 0.571816 0.001406 country
0.0711856 0.524177 0.00105818 country
0.0757912 0.533144 0.00118239 country
0.105936 0.556845 0.00126988 country
0.0563578 0.44372 0.00108821 country
0.122305 0.538968 0.00139545 country
0.0521457 0.530445 0.00145696 country
0.0883916 0.606312 0.000985956 country
0.0699332 0.316196 0.000517953 country
0.0876881 0.510139 0.00128094 country
0.0784506 0.463591 0.00107045 country
0.0629829 0.465039 0.00134333 country
0.104412 0.633308 0.00155658 country
0.0748427 0.5199 0.00125834 country
0.0612434 0.551971 0.00155643 country
0.0608965 0.349225 0.00106024 country
0.103879 0.493176 0.00134306 country
0.0916122 0.374484 0.000810565 country
0.127987 0.627709 0.00135788 country
0.132027 0.706272 0.00099888 country
0.118337 0.602968 0.00130401 country
0.0936518 0.449156 0.000299878 country
0.10407 0.510425 0.000959783 country
0.146613 0.623157 0.00118188 country
0.197454 0.720479 0.00120697 country
0.127 0.629738 0.0014248 country
0.131774 0.542366 0.00148593 country
0.123775 0.579753 0.00154936 country
0.131861 0.647157 0.00123124 country
0.0848519 0.412738 0.00151706 country
0.144743 0.688677 0.00191361 country
0.110827 0.645264 0.00135752 country
0.0926774 0.567433 0.00120032 country
0.0976651 0.616719 0.00154831 country
0.0807634 0.58653 0.00192015 country
0.092149 0.497051 0.00145795 country
0.0787345 0.404321 0.00120879 country
0.0553741 0.338865 0.000932239 country
0.120824 0.6019 0.00175644 country
0.0842807 0.392189 0.00138948 country
0.0976536 0.56185 0.00205526 country
0.0744664 0.359185 0.00182906 country
0.0886555 0.486245 0.0017405 country
0.0924822 0.50515 0.00218158 country
0.07532 0.400861 0.00194931 country
0.0681096 0.326985 0.00188641 country
0.069947 0.387352 0.00143798 country
0.114036 0.635721 0.00171211 country
0.0808616 0.468693 0.00171909 country
0.0750105 0.417418 0.0011092 country
0.043847 0.404393 0.00148314 country
0.0884248 0.588687 0.00180071 country
0.0419529 0.414656 0.000738713 country
0.0566857 0.505901 0.0011054 country
0.0681102 0.458786 0.00115238 country
0.101049 0.590497 0.00188445 country
0.0647062 0.485048 0.00157827 country
0.0885568 0.599806 0.00207544 country
0.0802735 0.488532 0.00126836 country
0.0781822 0.49377 0.00108577 country
0.115546 0.615598 0.00236503 country
0.066733 0.544282 0.00170033 country
0.0782645 0.590169 0.00175031 country
0.0572296 0.392649 0.000574249 country
0.0472587 0.436966 0.00154283 country
0.10638 0.597269 0.00200085 country
0.111029 0.615748 0.00219639 country
0.120165 0.641831 0.00216855 country
0.0724855 0.47547 0.00174989 country
0.102276 0.585946 0.00238239 country
0.0806173 0.430973 0.00181212 country
0.0972814 0.605216 0.00174564 country
0.0813877 0.485333 0.00145188 country
0.0834495 0.481807 0.00203179 country
0.0664504 0.431325 0.00139528 country
0.101318 0.552617 0.00195434 country
0.0800999 0.434042 0.00118998 country
0.123887 0.609231 0.0023287 country
0.078581 0.435638 0.00123868 country
0.0749577 0.479323 0.00274898 country
0.0796611 0.462869 0.00230762 country
0.0909063 0.507705 0.00290159 country
0.0788041 0.4048 0.00204506 country
0.0724648 0.432834 0.00234771 country
0.114824 0.624237 0.0028827 country
0.117389 0.587253 0.00183626 disco
0.174915 0.779813 0.0022854 disco
0.183815 0.62979 0.00208641 disco
0.159002 0.623182 0.00254776 disco
0.174488 0.707992 0.00144789 disco
0.144357 0.691968 0.00270631 disco
0.154255 0.686414 0.00248778 disco
0.164263 0.678937 0.00195409 disco
0.150667 0.77494 0.00245017 disco
0.159583 0.69943 0.00147546 disco
0.154477 0.687876 0.00306054 disco
0.16448 0.660261 0.00248339 disco
0.144513 0.722184 0.00228768 disco
0.179336 0.644949 0.00217568 disco
0.162986 0.62213 0.00227781 disco
0.118513 0.581123 0.00287039 disco
0.132119 0.625483 0.00270014 disco
0.131205 0.671643 0.00146417 disco
0.161295 0.734782 0.00176281 disco
0.108532 0.650156 0.00189657 disco
0.11005 0.668416 0.00164241 disco
0.162932 0.634382 0.00142549 disco
0.192369 0.686722 0.00172577 disco
0.166788 0.664853 0.00231328 disco
0.135199 0.687765 0.00181503 disco
0.12229 0.68694 0.00137302 disco
0.15498 0.674145 0.00186985 disco
0.145445 0.654139 0.00146653 disco
0.194416 0.711948 0.00218486 disco
0.159643 0.769389 0.00188983 disco
0.166168 0.648474 0.00215566 disco
0.172558 0.695784 0.00146974 disco
0.127244 0.711074 0.00139233 disco
0.128912 0.613536 0.0020729 disco
0.192211 0.715514 0.00159445 disco
0.186057 0.722773 0.0019142 disco
0.176311 0.701351 0.00223563 disco
0.192422 0.716572 0.00206954 disco
0.174669 0.733512 0.00146277 disco
0.118204 0.595662 0.00164091 disco
0.138798 0.748179 0.00182403 disco
0.0855419 0.464456 0.00232491 disco
0.126318 0.623639 0.00179041 disco
0.148179 0.675086 0.00224757 disco
0.119432 0.693314 0.00192661 disco
0.115832 0.658065 0.00176451 disco
0.121062 0.756706 0.00143525 disco
0.088087 0.604756 0.000623054 disco
0.140835 0.722915 0.00142788 disco
0.129341 0.650826 0.00267052 disco
0.127193 0.660519 0.00208405 disco
0.142992 0.675281 0.00137083 disco
0.14088 0.757798 0.00161437 disco
0.165491 0.643086 0.00220769 disco
0.13728 0.69574 0.00065122 disco
0.111466 0.63249 0.00159719 disco
0.0917888 0.64139 0.000973674 disco
0.102102 0.643553 0.00100093 disco
0.118443 0.675527 0.00153545 disco
0.119431 0.690602 0.0015025 disco
0.103062 0.605729 0.00145766 disco
0.133972 0.718455 0.00229834 disco
0.128907 0.719155 0.00188785 disco
0.137136 0.69926 0.00372276 disco
0.107013 0.53481 0.0011935 disco
0.0969583 0.587717 0.00236773 disco
0.133116 0.727484 0.00215428 disco
0.137151 0.68969 0.00118437 disco
0.157508 0.667526 0.00136749 disco
0.101748 0.575287 0.00151179 disco
0.131953 0.661286 0.00143695 disco
0.152566 0.686896 0.00126793 disco
0.157642 0.692951 0.00106919 disco
0.154005 0.680765 0.00120687 disco
0.144761 0.673534 0.00225703 disco
0.145229 0.689613 0.00144039 disco
0.120488 0.702695 0.00161477 disco
0.122883 0.643385 0.00266927 disco
0.115685 0.669487 0.000886132 disco
0.121361 0.630336 0.0010819 disco
0.111693 0.573995 0.000752198 disco
0.123418 0.73618 0.000974745 disco
0.135202 0.696336 0.00227337 disco
0.105505 0.653145 0.00111903 disco
0.133622 0.717985 0.000748905 disco
0.167416 0.83828 0.00108222 disco
0.0979901 0.67451 0.00215449 disco
0.113962 0.696028 0.00156279 disco
0.120601 0.677436 0.00151292 disco
0.11162 0.654698 0.00129971 disco
0.140688 0.675759 0.001093 disco
0.105285 0.583787 0.00219123 disco
0.131392 0.615878 0.00138288 disco
0.129973 0.675476 0.00195293 disco
0.117805 0.578532 0.00129222 disco
0.13001 0.678822 0.00126012 disco
0.131752 0.723397 0.00117701 disco
0.148057 0.6504 0.00135154 disco
0.12681 0.684383 0.00158471 disco
0.12681 0.683865 0.00158471 disco
0.143599 0.829744 0.00158897 hiphop
0.144426 0.6069 0.00372332 hiphop
0.0782877 0.707571 0.00120396 hiphop
0.130165 0.708467 0.00343376 hiphop
0.121547 0.637623 0.00253727 hiphop
0.148702 0.666079 0.00342103 hiphop
0.150193 0.723331 0.00344115 hiphop
0.106503 0.703127 0.00344768 hiphop
0.166423 0.703184 0.00182346 hiphop
0.118297 0.635941 0.00271081 hiphop
0.126629 0.753802 0.00215918 hiphop
0.114209 0.672454 0.00260965 hiphop
0.107039 0.727239 0.00260936 hiphop
0.0953141 0.803286 0.00179631 hiphop
0.132883 0.622901 0.00243217 hiphop
0.130043 0.70466 0.00176979 hiphop
0.130211 0.723346 0.0026208 hiphop
0.115538 0.674036 0.00249644 hiphop
0.151585 0.860748 0.00203701 hiphop
0.126809 0.786526 0.00277961 hiphop
0.139461 0.573814 0.00231389 hiphop
0.130933 0.712196 0.0031581 hiphop
0.106181 0.672087 0.00224364 hiphop
0.119509 0.594747 0.00253202 hiphop
0.135296 0.843233 0.00225313 hiphop
0.123801 0.629741 0.00329699 hiphop
0.186085 0.824482 0.00207448 hiphop
0.136901 0.731444 0.00175988 hiphop
0.144295 0.736172 0.00204128 hiphop
0.161892 0.613221 0.00218008 hiphop
0.202508 0.648868 0.00252455 hiphop
0.162252 0.704411 0.00279332 hiphop
0.111089 0.680496 0.00170973 hiphop
0.161417 0.660209 0.00278954 hiphop
0.174698 0.79465 0.00296518 hiphop
0.148018 0.655015 0.00247037 hiphop
0.157886 0.616804 0.00115433 hiphop
0.201346 0.874772 0.00195513 hiphop
0.159011 0.66385 0.00350766 hiphop
0.139213 0.748383 0.0023688 hiphop
0.120781 0.538447 0.00170392 hiphop
0.144922 0.745845 0.00236647 hiphop
0.150346 0.609093 0.00325006 hiphop
0.0900495 0.552685 0.0017492 hiphop
0.133352 0.682135 0.000494368 hiphop
0.139213 0.748383 0.0023688 hiphop
0.120247 0.696971 0.00283452 hiphop
0.165494 0.644023 0.00316578 hiphop
0.124484 0.582222 0.00292672 hiphop
0.166149 0.6846 0.00375383 hiphop
0.08194 0.58509 0.00357655 hiphop
0.130967 0.622571 0.00314852 hiphop
0.13283 0.652761 0.00139024 hiphop
0.15694 0.703904 0.00139221 hiphop
0.170944 0.791688 0.0015978 hiphop
0.0899931 0.549498 0.00173957 hiphop
0.123092 0.578662 0.00217109 hiphop
0.0943776 0.537649 0.00293989 hiphop
0.145494 0.735649 0.00163848 hiphop
0.10242 0.573683 0.00197237 hiphop
0.0880211 0.498178 0.0023613 hiphop
0.094573 0.647285 0.00203769 hiphop
0.12792 0.726801 0.00238428 hiphop
0.13832 0.759839 0.00236356 hiphop
0.127182 0.734472 0.00300438 hiphop
0.124935 0.691551 0.00256266 hiphop
0.114769 0.600426 0.00242451 hiphop
0.157843 0.679119 0.00278124 hiphop
0.134957 0.688342 0.00290738 hiphop
0.176637 0.668358 0.00351512 hiphop
0.125358 0.569534 0.0036627 hiphop
0.165957 0.56014 0.00319039 hiphop
0.0899088 0.576846 0.00329715 hiphop
0.131176 0.643379 0.0039446 hiphop
0.148087 0.606672 0.00273853 hiphop
0.165134 0.755687 0.0023853 hiphop
0.118647 0.711252 0.00305316 hiphop
0.156786 0.777233 0.00303691 hiphop
0.118647 0.710905 0.00305316 hiphop
0.167876 0.869742 0.0019257 hiphop
0.178364 0.820654 0.00185262 hiphop
0.0766916 0.571653 0.0010937 hiphop
0.124751 0.722165 0.00135093 hiphop
0.126753 0.730749 0.00144136 hiphop
0.112897 0.768351 0.000819124 hiphop
0.144767 0.724097 0.00137962 hiphop
0.110975 0.615903 0.001001 hiphop
0.130692 0.651237 0.00135807 hiphop
0.148871 0.789974 0.00152069 hiphop
0.142901 0.672132 0.00157279 hiphop
0.12389 0.744089 0.00141487 hiphop
0.14443 0.742176 0.00146475 hiphop
0.124068 0.652974 0.00162299 hiphop
0.174569 0.6976 0.000843847 hiphop
0.0992652 0.603723 0.00145627 hiphop
0.151529 0.696738 0.00132097 hiphop
0.0941934 0.848187 0.00144273 hiphop
0.141288 0.699235 0.0015486 hiphop
0.136868 0.665542 0.00154461 hiphop
0.105334 0.776513 0.00193497 hiphop
0.0779356 0.593319 0.000617141 jazz
0.0652494 0.513658 0.000303051 jazz
0.0541825 0.361151 0.00108105 jazz
0.0413146 0.371461 0.000801377 jazz
0.0508883 0.325059 0.00145849 jazz
0.0657677 0.535488 0.00141173 jazz
0.062274 0.457733 0.00130375 jazz
0.0585365 0.376862 0.00124209 jazz
0.0654558 0.450281 0.00157307 jazz
0.0364128 0.30516 0.00114335 jazz
0.041591 0.326106 0.000853639 jazz
0.0962365 0.536833 0.000937996 jazz
0.0869819 0.499537 0.00049241 jazz
0.095245 0.581838 0.000730596 jazz
0.0593225 0.344418 0.000521311 jazz
0.0945329 0.638807 0.000819854 jazz
0.0754842 0.368457 0.0008068 jazz
0.10535 0.607069 0.000633441 jazz
0.10649 0.558667 0.000688577 jazz
0.0694778 0.396636 0.000670491 jazz
0.0581575 0.400191 0.000358899 jazz
0.162731 0.664196 0.000619725 jazz
0.0732832 0.336742 0.000676757 jazz
0.10604 0.450688 0.00116324 jazz
0.10947 0.585998 0.00077242 jazz
0.0901183 0.530634 0.000910883 jazz
0.0691207 0.199805 0.000428366 jazz
0.0942198 0.611504 0.000531053 jazz
0.0985989 0.547688 0.000639883 jazz
0.120649 0.640706 0.000476619 jazz
0.0883632 0.361544 0.000395819 jazz
0.0930753 0.645088 0.000576971 jazz
0.0797479 0.484425 0.000513838 jazz
0.058908 0.528321 0.000921943 jazz
0.0924237 0.637367 0.00171296 jazz
0.0419162 0.430648 0.00122193 jazz
0.0768962 0.728201 0.00103976 jazz
0.0634752 0.472386 0.00140905 jazz
0.0801316 0.506565 0.00130029 jazz
0.0678758 0.563759 0.00108521 jazz
0.0670931 0.587082 0.0018523 jazz
0.0848881 0.665292 0.00101715 jazz
0.0686531 0.507563 0.00131499 jazz
0.0915471 0.57477 0.00148167 jazz
0.0492366 0.472084 0.00117087 jazz
0.046832 0.450114 0.00133814 jazz
0.0671542 0.593605 0.00142458 jazz
0.10582 0.518858 0.000714619 jazz
0.0918252 0.489185 0.000780199 jazz
0.103233 0.568579 0.0024404 jazz
0.130365 0.532149 0.00254571 jazz
0.0600256 0.527923 0.000921964 jazz
0.118927 0.382936 0.0025067 jazz
0.0945007 0.637426 0.00171314 jazz
0.128869 0.473555 0.00069606 jazz
0.0431218 0.430546 0.00122191 jazz
0.157892 0.593035 0.00260693 jazz
0.0683724 0.424777 0.00104329 jazz
0.0799915 0.728517 0.00103979 jazz
0.0682325 0.366007 0.00243164 jazz
0.0699973 0.472415 0.00140914 jazz
0.128116 0.49383 0.00309148 jazz
0.0878411 0.506743 0.00130045 jazz
0.131804 0.609653 0.002144 jazz
0.0817331 0.498338 0.00281387 jazz
0.0691372 0.563684 0.0010852 jazz
0.0806135 0.434845 0.00230536 jazz
0.0687885 0.587373 0.00185234 jazz
0.0703696 0.508118 0.00131501 jazz
0.102565 0.574954 0.00148197 jazz
0.0541355 0.472181 0.0011709 jazz
0.0483161 0.450094 0.00133815 jazz
0.0691693 0.593538 0.00142458 jazz
0.156002 0.581187 0.00173645 jazz
0.124604 0.466535 0.00146092 jazz
0.151078 0.530971 0.00191772 jazz
0.0873185 0.371593 0.00158074 jazz
0.145921 0.558027 0.00190985 jazz
0.129335 0.516123 0.00155222 jazz
0.137775 0.533892 0.000913349 jazz
0.159664 0.601168 0.000991494 jazz
0.153039 0.497695 0.000554486 jazz
0.202983 0.581802 0.000608464 jazz
0.178645 0.550465 0.00096859 jazz
0.150046 0.464119 0.00068169 jazz
0.151422 0.543394 0.000938619 jazz
0.215967 0.526874 0.000665401 jazz
0.0917978 0.392656 0.000600933 jazz
0.119068 0.380522 0.00121462 jazz
0.088382 0.291299 0.000595032 jazz
0.0916173 0.372969 0.000820486 jazz
0.151305 0.3466 0.000527077 jazz
0.108576 0.301264 0.000703714 jazz
0.107032 0.449042 0.000607328 jazz
0.0525707 0.358709 0.000526618 jazz
0.0970256 0.447847 0.000902603 jazz
0.0963702 0.434163 0.000581921 jazz
0.0575547 0.302984 0.000283296 jazz
0.0978483 0.491299 0.000790732 jazz
0.0763516 0.419686 0.00051523 jazz
0.17571 0.633281 0.00151929 metal
0.158354 0.631153 0.00127567 metal
0.119199 0.68466 0.00176321 metal
0.151766 0.75296 0.00196553 metal
0.185574 0.663028 0.000824083 metal
0.134217 0.630874 0.00158334 metal
0.175959 0.642508 0.000658135 metal
0.161405 0.678486 0.000899461 metal
0.155178 0.527652 0.00076632 metal
0.123599 0.653206 0.00417075 metal
0.169792 0.643638 0.00153807 metal
0.150108 0.663276 0.00306412 metal
0.155016 0.624898 0.00150096 metal
0.170099 0.672389 0.00112552 metal
0.159372 0.58986 0.00101901 metal
0.166284 0.632353 0.00145147 metal
0.151951 0.713563 0.0035328 metal
0.148747 0.696264 0.00148142 metal
0.125767 0.675294 0.0015526 metal
0.150673 0.678863 0.00128863 metal
0.148227 0.663575 0.00151528 metal
0.168355 0.65861 0.00140734 metal
0.119304 0.61603 0.00262776 metal
0.140363 0.572778 0.00254684 metal
0.129908 0.582653 0.00308153 metal
0.129171 0.572539 0.00132561 metal
0.160007 0.715 0.00180254 metal
0.131915 0.714506 0.00216486 metal
0.153386 0.679575 0.00189175 metal
0.161463 0.640806 0.0011576 metal
0.0779217 0.474961 0.0030678 metal
0.138643 0.613882 0.0028962 metal
0.135164 0.645556 0.00179693 metal
0.10979 0.559405 0.00341284 metal
0.147004 0.725429 0.00118084 metal
0.156549 0.635555 0.00356382 metal
0.149299 0.729986 0.00144419 metal
0.123764 0.655652 0.00149088 metal
0.146608 0.629762 0.00186386 metal
0.111987 0.434515 0.00206262 metal
0.148421 0.716772 0.00135979 metal
0.121908 0.618178 0.00128384 metal
0.134068 0.678362 0.00123012 metal
0.14716 0.703931 0.00118124 metal
0.150981 0.638167 0.00124463 metal
0.128557 0.593441 0.00115155 metal
0.154603 0.664156 0.00278855 metal
0.160791 0.692428 0.00282783 metal
0.159242 0.630648 0.0029405 metal
0.164303 0.636723 0.00285893 metal
0.164628 0.644313 0.0032337 metal
0.187522 0.64102 0.00293906 metal
0.147608 0.673332 0.00311765 metal
0.160293 0.672785 0.00296358 metal
0.171902 0.649368 0.00267232 metal
0.17189 0.652717 0.00302411 metal
0.16577 0.645781 0.00317759 metal
0.146292 0.572919 0.00270629 metal
0.135108 0.695738 0.00243741 metal
0.133618 0.636412 0.00242089 metal
0.127317 0.621588 0.00165763 metal
0.148421 0.716483 0.00135979 metal
0.121908 0.618178 0.00128384 metal
0.134068 0.678362 0.00123012 metal
0.14716 0.703931 0.00118124 metal
0.150981 0.638167 0.00124463 metal
0.128557 0.593441 0.00115155 metal
0.12184 0.609842 0.00178005 metal
0.124227 0.654288 0.00129002 metal
0.091649 0.589923 0.00233234 metal
0.150309 0.686341 0.000620623 metal
0.154626 0.66446 0.00149422 metal
0.128102 0.636922 0.00257453 metal
0.141916 0.579951 0.0038692 metal
0.148702 0.61107 0.000539872 metal
0.110195 0.535888 0.00323331 metal
0.153405 0.653703 0.00124615 metal
0.151415 0.670165 0.00195961 metal
0.151671 0.609895 0.00350397 metal
0.147924 0.629972 0.00165158 metal
0.156564 0.665118 0.00179833 metal
0.115055 0.587896 0.00253574 metal
0.130648 0.687899 0.00172792 metal
0.126548 0.561176 0.0027629 metal
0.136227 0.652305 0.00299506 metal
0.144048 0.678691 0.00196965 metal
0.143682 0.658366 0.00115995 metal
0.182444 0.65256 0.00349123 metal
0.105554 0.64282 0.0016992 metal
0.0754864 0.40753 0.00355499 metal
0.114337 0.516206 0.00195868 metal
0.123444 0.600641 0.00154431 metal
0.111773 0.604515 0.0022037 metal
0.146424 0.65392 0.00119205 metal
0.147004 0.725341 0.00118084 metal
0.131665 0.591733 0.00238124 metal
0.136657 0.599507 0.00243371 metal
0.107046 0.531136 0.00245325 metal
0.121588 0.54821 0.0017781 metal
0.12893 0.604262 0.00217537 metal
0.171937 0.558162 0.00242048 pop
0.190656 0.692688 0.00335676 pop
0.165176 0.653333 0.00278735 pop
0.0920523 0.553015 0.00174191 pop
0.142889 0.649529 0.0027883 pop
0.117565 0.566764 0.00184377 pop
0.108263 0.483716 0.00124852 pop
0.0991099 0.503628 0.00111585 pop
0.14719 0.556285 0.00256841 pop
0.174325 0.728488 0.00206376 pop
0.0945498 0.442183 0.00244139 pop
0.107907 0.464745 0.000740947 pop
0.139149 0.657029 0.00217132 pop
0.102981 0.35899 0.00228004 pop
0.10375 0.624247 0.00103428 pop
0.165496 0.70992 0.00254033 pop
0.1791 0.61066 0.00187296 pop
0.147171 0.56353 0.00191183 pop
0.173832 0.668962 0.00271752 pop
0.160834 0.706328 0.00274441 pop
0.181211 0.712834 0.0031928 pop
0.182714 0.639023 0.00245446 pop
0.164715 0.70456 0.00254849 pop
0.190491 0.747641 0.00263918 pop
0.169845 0.698479 0.00266334 pop
0.1436 0.57204 0.00247729 pop
0.125169 0.640679 0.00253857 pop
0.134218 0.676915 0.00205085 pop
0.149022 0.675287 0.00253838 pop
0.152557 0.670523 0.00305754 pop
0.158211 0.642618 0.00265515 pop
0.160509 0.661019 0.00258451 pop
0.214258 0.715384 0.00121741 pop
0.149252 0.662302 0.0018557 pop
0.157816 0.636409 0.00243438 pop
0.16564 0.70601 0.00369824 pop
0.147014 0.688972 0.0033522 pop
0.171391 0.752309 0.00312384 pop
0.168606 0.664495 0.00286224 pop
0.198333 0.611273 0.00359822 pop
0.09849 0.575186 0.0026522 pop
0.10115 0.553525 0.00110448 pop
0.154543 0.683376 0.00289159 pop
0.138328 0.612425 0.0033302 pop
0.163676 0.729639 0.00285703 pop
0.144516 0.733276 0.00261094 pop
0.143123 0.726794 0.00261895 pop
0.159974 0.659485 0.00281946 pop
0.210171 0.761894 0.00196718 pop
0.0948062 0.494534 0.00195934 pop
0.152728 0.663222 0.00270039 pop
0.213853 0.712181 0.00269581 pop
0.188409 0.776508 0.00406557 pop
0.135232 0.756418 0.00228027 pop
0.175496 0.651692 0.00352056 pop
0.203467 0.721754 0.00296115 pop
0.184666 0.667198 0.00319103 pop
0.192016 0.780507 0.00408947 pop
0.150812 0.733248 0.00214675 pop
0.188767 0.657563 0.0031774 pop
0.175496 0.652216 0.00352056 pop
0.149399 0.703567 0.00283901 pop
0.131175 0.741551 0.00521706 pop
0.0916835 0.56451 0.00166446 pop
0.196475 0.827623 0.00214227 pop
0.129722 0.614093 0.00173072 pop
0.139684 0.552726 0.00320252 pop
0.20183 0.730403 0.00243843 pop
0.171142 0.766048 0.00311542 pop
0.123496 0.689493 0.00280907 pop
0.16217 0.640262 0.00214107 pop
0.20183 0.730208 0.00243843 pop
0.137515 0.698326 0.00307913 pop
0.185764 0.643379 0.00337828 pop
0.172916 0.683509 0.00266191 pop
0.187088 0.669597 0.00235359 pop
0.181926 0.645422 0.00315488 pop
0.208584 0.795423 0.00284631 pop
0.161812 0.736229 0.00286338 pop
0.10224 0.603817 0.000486849 pop
0.161321 0.668268 0.00277052 pop
0.112554 0.558512 0.00122112 pop
0.159566 0.577667 0.00268714 pop
0.12351 0.540359 0.00189522 pop
0.158134 0.684032 0.00231883 pop
0.129139 0.785071 0.00251351 pop
0.187001 0.685998 0.00169581 pop
0.180241 0.574855 0.00248134 pop
0.178922 0.726216 0.00298865 pop
0.176595 0.756414 0.00276462 pop
0.180364 0.570346 0.00253739 pop
0.192152 0.73415 0.00339872 pop
0.171092 0.718044 0.00294252 pop
0.168862 0.661663 0.00319727 pop
0.140522 0.532178 0.00263334 pop
0.151716 0.574125 0.00398011 pop
0.151926 0.519994 0.00330846 pop
0.173689 0.564117 0.00262258 pop
0.190758 0.718983 0.00272431 pop
0.135981 0.55179 0.00182665 pop
0.111078 0.644535 0.00122548 reggae
0.084614 0.470633 0.00108788 reggae
0.093586 0.690551 0.0011651 reggae
0.0985655 0.5611 0.00121393 reggae
0.104712 0.701983 0.00128351 reggae
0.0917302 0.654235 0.00131246 reggae
0.0722937 0.538854 0.0013813 reggae
0.0904299 0.653856 0.00117303 reggae
0.0873092 0.630769 0.00131931 reggae
0.078862 0.615263 0.00110665 reggae
0.113756 0.534841 0.000809855 reggae
0.104515 0.669057 0.000995441 reggae
0.121815 0.703693 0.00095211 reggae
0.0835863 0.683513 0.00141242 reggae
0.087184 0.58 0.00147826 reggae
0.0979703 0.631963 0.00168325 reggae
0.110039 0.55868 0.0024618 reggae
0.0937029 0.634421 0.00182391 reggae
0.0988922 0.601155 0.00137979 reggae
0.0901215 0.620255 0.00180173 reggae
0.0830797 0.572636 0.00179829 reggae
0.107049 0.634014 0.00204316 reggae
0.108244 0.561191 0.00240124 reggae
0.125509 0.590103 0.00138202 reggae
0.0922132 0.587576 0.00159763 reggae
0.0870941 0.603539 0.0016339 reggae
0.0945933 0.585435 0.00174765 reggae
0.11071 0.694501 0.00157205 reggae
0.0832962 0.54782 0.000912432 reggae
0.0791814 0.506308 0.00131728 reggae
0.0937487 0.564141 0.00097014 reggae
0.0809426 0.551231 0.00110641 reggae
0.0794407 0.583135 0.000778886 reggae
0.0823009 0.550196 0.000922561 reggae
0.0638484 0.539156 0.00101532 reggae
0.0844515 0.580029 0.000895568 reggae
0.0919701 0.460743 0.000996077 reggae
0.0872895 0.573726 0.00105244 reggae
0.0867785 0.537668 0.000974901 reggae
0.0620035 0.473958 0.0012943 reggae
0.1061 0.614117 0.00050146 reggae
0.0961208 0.566357 0.00157065 reggae
0.126385 0.638367 0.000926597 reggae
0.0753421 0.576231 0.00145199 reggae
0.12211 0.621428 0.00195575 reggae
0.222419 0.71453 0.00113917 reggae
0.119054 0.581851 0.00123869 reggae
0.129034 0.712165 0.00140864 reggae
0.139126 0.650001 0.0015669 reggae
0.118997 0.573895 0.00174856 reggae
0.145363 0.674398 0.00166001 reggae
0.229539 0.823346 0.00140355 reggae
0.16997 0.704693 0.0024342 reggae
0.100967 0.634205 0.000775586 reggae
0.125304 0.567818 0.00125763 reggae
0.123777 0.624523 0.00148806 reggae
0.107515 0.650431 0.00131508 reggae
0.106995 0.628708 0.00134775 reggae
0.132083 0.706324 0.00116968 reggae
0.137023 0.669979 0.00164633 reggae
0.124318 0.545374 0.000339981 reggae
0.159545 0.733423 0.00232906 reggae
0.101404 0.507297 0.000742362 reggae
0.0979311 0.619563 0.00125507 reggae
0.153467 0.508954 0.00352987 reggae
0.102041 0.613116 0.0038731 reggae
0.0825783 0.64047 0.00166929 reggae
0.0873023 0.594175 0.00185234 reggae
0.10615 0.610114 0.00124044 reggae
0.12025 0.582222 0.00164408 reggae
0.115932 0.535036 0.00194378 reggae
0.156055 0.594511 0.00191401 reggae
0.157318 0.695047 0.00180703 reggae
0.10831 0.530781 0.00256123 reggae
0.108384 0.532091 0.00255718 reggae
0.131168 0.680961 0.00222744 reggae
0.123843 0.544733 0.00272816 reggae
0.0920188 0.562992 0.00152417 reggae
0.114702 0.640249 0.00121255 reggae
0.161314 0.650544 0.000979696 reggae
0.131386 0.653981 0.0025176 reggae
0.132753 0.658474 0.00230182 reggae
0.132753 0.65691 0.00230182 reggae
0.067674 0.515875 0.000756709 reggae
0.0921686 0.658407 0.00148424 reggae
0.0948412 0.620769 0.00154022 reggae
0.237799 0.632026 0.004148 reggae
0.161291 0.620287 0.00267195 reggae
0.201458 0.75111 0.00153091 reggae
0.0504488 0.556849 0.00203042 reggae
0.146703 0.622456 0.00181224 reggae
0.123378 0.663097 0.000894593 reggae
0.11521 0.66628 0.00120258 reggae
0.102838 0.663113 0.00140412 reggae
0.103806 0.643436 0.00179172 reggae
0.138305 0.67122 0.00208918 reggae
0.0851484 0.568371 0.0021061 reggae
0.104011 0.530775 0.00146093 reggae
0.102333 0.540319 0.0018274 reggae
0.128949 0.63486 0.00236659 reggae
0.105748 0.511546 0.00170875 rock
0.0793113 0.476462 0.002401 rock
0.0981715 0.543878 0.00190035 rock
0.0707547 0.471106 0.00199453 rock
0.0688971 0.443396 0.00278898 rock
0.080076 0.527353 0.00271659 rock
0.0866033 0.544135 0.00239456 rock
0.0656438 0.485203 0.00208332 rock
0.0910431 0.598647 0.00348801 rock
0.0575513 0.424192 0.00170347 rock
0.0971953 0.565314 0.00198164 rock
0.0793392 0.517689 0.00162425 rock
0.0964068 0.608709 0.000969778 rock
0.0814545 0.49028 0.0017667 rock
0.102025 0.636703 0.0006845 rock
0.121117 0.637056 0.00105471 rock
0.135108 0.696159 0.00243741 rock
0.125419 0.633036 0.00218062 rock
0.120613 0.664096 0.00183759 rock
0.125513 0.61202 0.00148232 rock
0.117113 0.647154 0.00201318 rock
0.11609 0.671073 0.00212294 rock
0.126859 0.694048 0.00228983 rock
0.121825 0.503845 0.0017946 rock
0.126723 0.606495 0.00206523 rock
0.138537 0.680572 0.0019552 rock
0.122004 0.617935 0.00202545 rock
0.141427 0.59136 0.00104853 rock
0.107117 0.545 0.00183329 rock
0.128599 0.574772 0.00241274 rock
0.15019 0.604952 0.00127732 rock
0.137866 0.664151 0.00162344 rock
0.124549 0.607171 0.00294983 rock
0.0853272 0.509397 0.00170282 rock
0.14761 0.59562 0.0025396 rock
0.0938201 0.468185 0.00166996 rock
0.150024 0.615427 0.00286578 rock
0.138872 0.686762 0.00147933 rock
0.14878 0.639686 0.0028955 rock
0.133118 0.567511 0.00191851 rock
0.160503 0.661228 0.00186525 rock
0.147676 0.641807 0.00211373 rock
0.147295 0.626579 0.00154939 rock
0.144918 0.646256 0.00183413 rock
0.0825186 0.470273 0.0019273 rock
0.0819572 0.444871 0.00129264 rock
0.125736 0.586382 0.00158343 rock
0.161654 0.620546 0.00180221 rock
0.0863323 0.561665 0.00194389 rock
0.105396 0.496485 0.00134071 rock
0.085358 0.547624 0.00183091 rock
0.153986 0.569802 0.00212537 rock
0.107102 0.605007 0.00148012 rock
0.177554 0.645148 0.00248436 rock
0.135326 0.592174 0.000862429 rock
0.0857873 0.597056 0.00195836 rock
0.174754 0.607219 0.00227381 rock
0.179558 0.654395 0.00159341 rock
0.121533 0.539788 0.0011666 rock
0.118024 0.441641 0.000680796 rock
0.144014 0.679166 0.00135042 rock
0.103576 0.517468 0.00117081 rock
0.151287 0.559003 0.000790573 rock
0.0805427 0.405876 0.000712521 rock
0.117488 0.650828 0.00140084 rock
0.123243 0.628853 0.0015124 rock
0.116448 0.568549 0.000559715 rock
0.130042 0.653006 0.00130253 rock
0.132159 0.582995 0.00120136 rock
0.137341 0.611218 0.000616318 rock
0.133382 0.592289 0.000704261 rock
0.107778 0.619152 0.00210602 rock
0.100352 0.548521 0.00219372 rock
0.119109 0.579984 0.00218975 rock
0.113014 0.491574 0.00202033 rock
0.123572 0.630781 0.0016417 rock
0.0857065 0.511765 0.00192762 rock
0.116373 0.552769 0.00167585 rock
0.0969091 0.513008 0.00188933 rock
0.114952 0.647885 0.00154586 rock
0.140067 0.631052 0.00136787 rock
0.137083 0.631355 0.00122714 rock
0.161874 0.655174 0.00121361 rock
0.111468 0.543019 0.00134008 rock
0.139283 0.624045 0.00139368 rock
0.118469 0.547525 0.000837377 rock
0.134515 0.65349 0.000988113 rock
0.125248 0.581899 0.00218731 rock
0.141468 0.660793 0.00116497 rock
0.0833192 0.539333 0.00137137 rock
0.133193 0.653826 0.00206666 rock
0.132882 0.59743 0.00143537 rock
0.134462 0.63136 0.00140322 rock
0.102001 0.53271 0.00141523 rock
0.141153 0.525493 0.00135375 rock
0.10486 0.4907 0.00105804 rock
0.106034 0.528387 0.001015 rock
0.11151 0.575004 0.00108371 rock
0.0719037 0.439492 0.00112143 rock
0.0827484 0.395507 0.000728076 rock
